0.109877 0.0175336 0.0450029 0.0251315 0.0730567 0.00233781 0.0181181 0.00818235 0.0771479 0.0175336 0.0333139 0.0619521 0.0333139 0.0637054 0.0771479 0.0327294 0 0.0455874 0.0444185 0.0298071 0.0268849 0.00116891 0.0356517 0 0.0461718 0.0742256 0
0.0857897 0.0109987 0.0259569 0.0400352 0.125385 0.0224373 0.0241971 0.0611527 0.066432 0.00307963 0.0131984 0.0422349 0.0215574 0.0549934 0.0783106 0.00967884 0 0.0629124 0.0651122 0.0923889 0.0263968 0.0145183 0.0263968 0.000879894 0.0259569 0 1
0.078702 0.0152928 0.0216337 0.0473704 0.130548 0.0216337 0.0193957 0.074972 0.0634092 0.00074599 0.0123088 0.0410295 0.0253637 0.0675121 0.0701231 0.0160388 0.000372995 0.0667661 0.0704961 0.0898918 0.0220067 0.00708691 0.0223797 0.000372995 0.0134278 0.00111899 1
0.0916539 0.015873 0.046595 0.0235535 0.078341 0.00204813 0.0189452 0.00870456 0.0809012 0.0189452 0.0389145 0.0568356 0.0261137 0.0542755 0.0824373 0.0276498 0 0.0532514 0.0486431 0.0363543 0.0276498 0.00358423 0.0424987 0 0.0419867 0.0742448 0
0.0826011 0.0189807 0.0182777 0.0474517 0.132865 0.0200351 0.0256591 0.0674868 0.0639719 0.000351494 0.00773286 0.0432337 0.0196837 0.0622144 0.0695958 0.0144112 0 0.0611599 0.0636204 0.100527 0.027065 0.00949033 0.0253076 0.00105448 0.0161687 0.00105448 1
0.112154 0.0156495 0.0344288 0.0344288 0.0892019 0.00156495 0.0109546 0.00730308 0.0892019 0.019301 0.0266041 0.0532081 0.0422535 0.0526865 0.0751174 0.0302556 0 0.0511215 0.0422535 0.0307773 0.0203443 0.00521648 0.0453834 0 0.037037 0.0735524 0
0.0742341 0.00981932 0.0200314 0.0365279 0.119403 0.0219953 0.0267086 0.0683425 0.064022 0.00117832 0.0153181 0.0420267 0.0247447 0.0600943 0.0797329 0.0157109 0.00117832 0.051846 0.0655931 0.106834 0.0337785 0.00824823 0.0306363 0.000392773 0.0212097 0.000392773 1
0.104967 0.0182755 0.0393627 0.0337395 0.0918463 0.00468604 0.0164011 0.0107779 0.0810684 0.02015 0.0304592 0.0595127 0.024836 0.0365511 0.0932521 0.0285848 0 0.0463918 0.0562324 0.0402999 0.0182755 0.00374883 0.0393627 0 0.0332709 0.0679475 0
0.113534 0.0185109 0.041958 0.0357877 0.0950226 0.00452489 0.0172768 0.00781571 0.0843274 0.0193336 0.0324969 0.0530646 0.0283834 0.0460716 0.0769231 0.0271493 0 0.0431921 0.0481283 0.0345537 0.0189223 0.000822707 0.0382559 0 0.0361991 0.0777458 0
0.0693617 0.0153191 0.0234043 0.0361702 0.12 0.0212766 0.0187234 0.0561702 0.0791489 0.00255319 0.0110638 0.0608511 0.0174468 0.067234 0.0740426 0.0170213 0.000851064 0.0617021 0.0570213 0.092766 0.0319149 0.0106383 0.0246809 0.000425532 0.0302128 0 1
0.101378 0.0120053 0.0475767 0.0306803 0.0942641 0.00222321 0.0191196 0.01245 0.0809249 0.0275678 0.029791 0.0462428 0.0249 0.0493553 0.0835927 0.0253446 0 0.0453535 0.0489106 0.0440196 0.0177857 0.00177857 0.0404624 0 0.0369053 0.0773677 0
0.0931459 0.0158172 0.0445226 0.0339777 0.103105 0.00117165 0.0193322 0.0076157 0.086116 0.0181605 0.0240187 0.0644405 0.0292912 0.0451084 0.0831869 0.0304628 0 0.0474517 0.0421793 0.0345636 0.0140598 0.00351494 0.0392501 0 0.0392501 0.0802578 0
0.0959317 0.0145655 0.0452034 0.0401808 0.0994475 0.00100452 0.0185836 0.00602712 0.0873933 0.013561 0.027122 0.0472125 0.0326469 0.0421899 0.0758413 0.0311401 0 0.0537418 0.0441989 0.048217 0.0210949 0.00200904 0.0376695 0 0.0371673 0.0778503 0
0.0822195 0.0157959 0.0259214 0.0453625 0.132442 0.0149858 0.0202511 0.0623734 0.0664237 0.00121507 0.00810045 0.0490077 0.0234913 0.0571081 0.0648036 0.018631 0 0.0599433 0.0676387 0.0963953 0.0299716 0.0137708 0.0202511 0.00162009 0.0222762 0 1
0.0784095 0.0115199 0.0274991 0.0479376 0.127462 0.0196953 0.0222965 0.0575994 0.0683761 0.00148644 0.0126347 0.0453363 0.0226682 0.0650316 0.0728354 0.0185805 0.00185805 0.0602007 0.0694909 0.0895578 0.0267559 0.00966184 0.0222965 0.000743218 0.0200669 0 1
0.0931832 0.0156348 0.0406504 0.0425266 0.0988118 0.00187617 0.0150094 0.00875547 0.0913071 0.0187617 0.0268918 0.0475297 0.0337711 0.0475297 0.0813008 0.0268918 0 0.0444028 0.0531582 0.0312695 0.0175109 0.00250156 0.0506567 0 0.0337711 0.0762977 0
0.104104 0.0115115 0.046046 0.042042 0.0935936 0.0025025 0.012012 0.011011 0.0865866 0.023023 0.03003 0.0540541 0.0305305 0.039039 0.0755756 0.0255255 0 0.0500501 0.049049 0.035035 0.017017 0.0025025 0.039039 0 0.0395395 0.0805806 0
0.0785982 0.0132698 0.0248384 0.0561415 0.124192 0.0173528 0.0248384 0.0748554 0.0683906 0 0.0142906 0.0415107 0.0251786 0.0670296 0.0687309 0.0149711 0.000680504 0.0639673 0.0598843 0.0871045 0.0224566 0.00816604 0.0251786 0.000680504 0.0173528 0.000340252 1
0.093572 0.00976404 0.0211554 0.0528885 0.113507 0.0158666 0.0223759 0.0557364 0.0724166 0.00203417 0.00976404 0.0480065 0.0252238 0.0646867 0.0683483 0.0142392 0.000406835 0.0671277 0.0646867 0.0895037 0.0325468 0.0113914 0.0227828 0.0012205 0.0191212 0.00162734 1
0.0862366 0.0165574 0.0203518 0.0531218 0.117972 0.0203518 0.0213867 0.0593308 0.0655398 0.00137979 0.00689893 0.0372542 0.0210417 0.064505 0.0783029 0.0124181 0.000689893 0.0610555 0.0696792 0.0941704 0.0296654 0.0113832 0.0293205 0.000344947 0.019317 0.00172473 1
0.0821566 0.012516 0.0243902 0.03819 0.134788 0.021181 0.0224647 0.0603338 0.0590501 0.000962773 0.00898588 0.0417202 0.0179718 0.0686778 0.0754172 0.0205392 0.000641849 0.0651476 0.0654685 0.0972401 0.0275995 0.0121951 0.0227856 0.000641849 0.0176508 0.0012837 1
